{
    "aabb": [-0.643018, 0.00340612, -0.472965, 0.640576, 2.06296, 0.549593],
    "aabb_scale": 1,
    "frames": [{
        "camera_name": "Cam001",
        "transform_matrix": [
            [0.9999688792003214, -0.0010032337153326797, 0.007825225425814483, 0.01006033304277894],
            [-0.0010902752531905043, -0.9999375000167086, 0.011126875581537497, 0.300810432665055],
            [0.00781357349262641, -0.011135060953903882, -0.9999074749629726, 2.3064672873624947],
            [0.0, 0.0, 0.0, 1.0]
        ],
        "intrinsic_matrix": [
            [3647.063850042002, 0.0, 1028.4699997858695],
            [0.0, 3647.063850042002, 760.7858598304226],
            [0.0, 0.0, 1.0]
        ],
        "w": 2044,
        "h": 1495
    }, {
        "camera_name": "Cam002",
        "transform_matrix": [
            [0.9999518074658429, -0.005924935282848801, 0.00782801939750826, 0.0064459360084722925],
            [-0.0060164785506913645, -0.9999131831121191, 0.01172297847982686, 0.803124004512748],
            [0.007757881904410694, -0.011769510630585553, -0.9999006420079315, 2.306763636878086],
            [0.0, 0.0, 0.0, 1.0]
        ],
        "intrinsic_matrix": [
            [3649.64321971147, 0.0, 1036.494187798728],
            [0.0, 3649.64321971147, 738.1980469846608],
            [0.0, 0.0, 1.0]
        ],
        "w": 2044,
        "h": 1495
    }, {
        "camera_name": "Cam003",
        "transform_matrix": [
            [0.9999467812225487, -0.008564459566866472, 0.005751934891061584, 0.01084956275792057],
            [-0.008488358483532533, -0.9998778058773004, -0.013127112563316173, 1.2988225544565342],
            [0.005863658663201973, 0.013077589469104823, -0.9998972918058926, 2.305457049884504],
            [0.0, 0.0, 0.0, 1.0]
        ],
        "intrinsic_matrix": [
            [3649.1418326793305, 0.0, 1038.3342678918975],
            [0.0, 3649.1418326793305, 744.0718354718188],
            [0.0, 0.0, 1.0]
        ],
        "w": 2044,
        "h": 1495
    }, {
        "camera_name": "Cam004",
        "transform_matrix": [
            [0.9999770521136558, -0.0055794211642872845, 0.00384256497071471, 0.01217316079887643],
            [-0.005406729233726579, -0.9990355811634016, -0.043573786253862073, 1.796918411996401],
            [0.004081975633909028, 0.04355201061920788, -0.9990428218279478, 2.2997926762954353],
            [0.0, 0.0, 0.0, 1.0]
        ],
        "intrinsic_matrix": [
            [3647.3150132803567, 0.0, 1030.9424318188192],
            [0.0, 3647.3150132803557, 747.2143465992256],
            [0.0, 0.0, 1.0]
        ],
        "w": 2044,
        "h": 1495
    }, {
        "camera_name": "Cam005",
        "transform_matrix": [
            [0.9915128294057558, -0.04779301713327287, -0.12090548638127102, 0.2897672496136249],
            [0.013753189389795039, -0.8862019291926226, 0.4630950123645066, -0.07212134289508952],
            [-0.1292793831413248, -0.4608274820456922, -0.8780232758224729, 1.917271218995492],
            [0.0, 0.0, 0.0, 1.0]
        ],
        "intrinsic_matrix": [
            [2318.9179810285113, 0.0, 756.9963642331728],
            [0.0, 2318.9179810285113, 1026.2673237496558],
            [0.0, 0.0, 1.0]
        ],
        "w": 1495,
        "h": 2044
    }, {
        "camera_name": "Cam006",
        "transform_matrix": [
            [0.9903150686911293, 0.04895440214670696, 0.12992125012384484, -0.296526667622769],
            [-0.021293523275360198, -0.8711485761540796, 0.49055758492886625, -0.07829838647067476],
            [0.1371956653462705, -0.4885730495792606, -0.8616691503326643, 1.914012520429723],
            [0.0, 0.0, 0.0, 1.0]
        ],
        "intrinsic_matrix": [
            [2332.468295416462, 0.0, 751.4159529459553],
            [0.0, 2332.468295416462, 1020.5858098345177],
            [0.0, 0.0, 1.0]
        ],
        "w": 1495,
        "h": 2044
    }, {
        "camera_name": "Cam007",
        "transform_matrix": [
            [0.9913958766798179, 0.05430102974240194, -0.11910337472619906, 0.3150497232048982],
            [-0.02121403652384412, -0.8312153842034089, -0.5555456324353059, 2.429892813288006],
            [-0.1291672572930912, 0.5532923126453988, -0.8229115605038528, 1.973958739740145],
            [0.0, 0.0, 0.0, 1.0]
        ],
        "intrinsic_matrix": [
            [2300.7860212104406, 0.0, 738.7350657029237],
            [0.0, 2300.7860212104406, 1037.4139151552906],
            [0.0, 0.0, 1.0]
        ],
        "w": 1495,
        "h": 2044
    }, {
        "camera_name": "Cam008",
        "transform_matrix": [
            [0.9913328818903572, -0.0765895971509741, 0.10673870381080393, -0.27209135277127333],
            [-0.00622927817957479, -0.8389696998008914, -0.5441424803388937, 2.44009126520718],
            [0.13122619165517418, 0.5387614281147577, -0.8321753482286206, 1.977339081785055],
            [0.0, 0.0, 0.0, 1.0]
        ],
        "intrinsic_matrix": [
            [2319.0021052446355, 0.0, 739.209015149537],
            [0.0, 2319.0021052446355, 1003.6933788831083],
            [0.0, 0.0, 1.0]
        ],
        "w": 1495,
        "h": 2044
    }, {
        "camera_name": "Cam009",
        "transform_matrix": [
            [0.9640303896797174, 0.004962282394982669, 0.26574571215243364, -0.6177726905327149],
            [0.004194668022645236, -0.9999852302448374, 0.00345601683428893, 0.30866315661719124],
            [0.26575893688482327, -0.002216990214578323, -0.9640369663141745, 2.247386980222071],
            [0.0, 0.0, 0.0, 1.0]
        ],
        "intrinsic_matrix": [
            [3652.943704945619, 0.0, 1026.9504746125344],
            [0.0, 3652.943704945619, 758.3627876770606],
            [0.0, 0.0, 1.0]
        ],
        "w": 2044,
        "h": 1495
    }, {
        "camera_name": "Cam010",
        "transform_matrix": [
            [0.9633665882428006, -0.018151502702369173, 0.2675730547104324, -0.6196104039447257],
            [-0.01741621537503604, -0.9998352104843877, -0.005121261333895856, 0.8059290994947672],
            [0.26762192006529756, 0.00027354210934183235, -0.9635239660098123, 2.2465098037530913],
            [0.0, 0.0, 0.0, 1.0]
        ],
        "intrinsic_matrix": [
            [3651.6972432955704, 0.0, 1029.4603888946954],
            [0.0, 3651.6972432955704, 753.6812963537877],
            [0.0, 0.0, 1.0]
        ],
        "w": 2044,
        "h": 1495
    }, {
        "camera_name": "Cam011",
        "transform_matrix": [
            [0.9623823711435464, 0.003246460449537867, 0.271679281887072, -0.6218666399061082],
            [0.008075809417221122, -0.9998286021014227, -0.016659763568909153, 1.304039534048839],
            [0.2715786313655444, 0.01822709286926515, -0.9622436386233755, 2.246501794987322],
            [0.0, 0.0, 0.0, 1.0]
        ],
        "intrinsic_matrix": [
            [3645.711278918036, 0.0, 1037.7733337574978],
            [0.0, 3645.711278918036, 737.3298956850625],
            [0.0, 0.0, 1.0]
        ],
        "w": 2044,
        "h": 1495
    }, {
        "camera_name": "Cam012",
        "transform_matrix": [
            [0.9611383818135995, -0.024618813889115916, 0.27496713441324006, -0.6224451773236873],
            [-0.01565625073214974, -0.9992736485232312, -0.03474272844902178, 1.803177501197933],
            [0.27562273639478263, 0.029087615401807692, -0.9608256958535659, 2.243784132048356],
            [0.0, 0.0, 0.0, 1.0]
        ],
        "intrinsic_matrix": [
            [3651.7453779355524, 0.0, 1036.1581725680003],
            [0.0, 3651.745377935552, 744.0727076368418],
            [0.0, 0.0, 1.0]
        ],
        "w": 2044,
        "h": 1495
    }, {
        "camera_name": "Cam013",
        "transform_matrix": [
            [0.8671480367427012, -0.0006227113501775933, 0.49805009246445514, -1.16039113473388],
            [-0.008572503317562796, -0.9998697402894184, 0.013675329628221315, 0.3082092112677326],
            [0.49797670082057893, -0.016128071308885415, -0.8670404204855194, 2.012221763034121],
            [0.0, 0.0, 0.0, 1.0]
        ],
        "intrinsic_matrix": [
            [3648.892181023044, 0.0, 1024.0153894436844],
            [0.0, 3648.8921810230436, 753.5396476219315],
            [0.0, 0.0, 1.0]
        ],
        "w": 2044,
        "h": 1495
    }, {
        "camera_name": "Cam014",
        "transform_matrix": [
            [0.8799084473901538, -0.006663318245105396, 0.47509654219054576, -1.165361670873434],
            [-0.0002776364672173871, -0.9999087011957343, -0.013509707289628766, 0.8056642958874389],
            [0.4751431859234021, 0.011755401440351714, -0.8798299627811815, 2.011947929112786],
            [0.0, 0.0, 0.0, 1.0]
        ],
        "intrinsic_matrix": [
            [3640.7326663057697, 0.0, 1027.0303604069543],
            [0.0, 3640.7326663057697, 730.8079537365161],
            [0.0, 0.0, 1.0]
        ],
        "w": 2044,
        "h": 1495
    }, {
        "camera_name": "Cam015",
        "transform_matrix": [
            [0.8663536979219038, 0.00047597766867733175, 0.49943071946197104, -1.167956056161914],
            [0.0014828028065778237, -0.9999975898154156, -0.0016191538521209393, 1.303840296444343],
            [0.49942874506067425, 0.0021433171997988633, -0.8663523156305992, 2.015831357837223],
            [0.0, 0.0, 0.0, 1.0]
        ],
        "intrinsic_matrix": [
            [3650.292813479831, 0.0, 1024.6857750378308],
            [0.0, 3650.2928134798312, 750.0602336999525],
            [0.0, 0.0, 1.0]
        ],
        "w": 2044,
        "h": 1495
    }, {
        "camera_name": "Cam016",
        "transform_matrix": [
            [0.8615622265232769, -0.030412422314916497, 0.5067401843126245, -1.170200991666444],
            [-0.015155732988859, -0.9992998837205535, -0.03420593740359294, 1.800148786417519],
            [0.5074256926741332, 0.02179052466158804, -0.861419955334881, 2.01499010907484],
            [0.0, 0.0, 0.0, 1.0]
        ],
        "intrinsic_matrix": [
            [3645.9317691072843, 0.0, 1041.457298090732],
            [0.0, 3645.9317691072847, 753.3174729236241],
            [0.0, 0.0, 1.0]
        ],
        "w": 2044,
        "h": 1495
    }, {
        "camera_name": "Cam017",
        "transform_matrix": [
            [0.7049877041699033, 0.002429788100475183, 0.709215364398598, -1.631053563829074],
            [-0.002085047161610724, -0.9999827089387445, 0.005498581804861314, 0.3099320241880357],
            [0.7092164617009274, -0.005355180045309592, -0.7049704479615437, 1.62267274125542],
            [0.0, 0.0, 0.0, 1.0]
        ],
        "intrinsic_matrix": [
            [3635.181088007479, 0.0, 1025.5429882668916],
            [0.0, 3635.1810880074795, 753.220255583071],
            [0.0, 0.0, 1.0]
        ],
        "w": 2044,
        "h": 1495
    }, {
        "camera_name": "Cam018",
        "transform_matrix": [
            [0.7089494698588192, -0.012677364328758205, 0.7051453280144278, -1.6276246088950521],
            [-0.010644888256763223, -0.999916880103684, -0.007274560998163518, 0.8080336173225127],
            [0.705178938667981, -0.0023488970583885656, -0.7090254911790612, 1.625265576388297],
            [0.0, 0.0, 0.0, 1.0]
        ],
        "intrinsic_matrix": [
            [3645.6693699555744, 0.0, 1016.6831750503096],
            [0.0, 3645.6693699555744, 755.103689729728],
            [0.0, 0.0, 1.0]
        ],
        "w": 2044,
        "h": 1495
    }, {
        "camera_name": "Cam019",
        "transform_matrix": [
            [0.7013679908909702, -0.015582626366243638, 0.7126290220788752, -1.632428797838957],
            [-0.004051439769313104, -0.9998320156084253, -0.017875301401358786, 1.30234195882787],
            [0.7127878556691042, 0.009649990669624499, -0.7013133040879209, 1.6179721096404271],
            [0.0, 0.0, 0.0, 1.0]
        ],
        "intrinsic_matrix": [
            [3655.0758817369433, 0.0, 1026.19550177599],
            [0.0, 3655.0758817369433, 744.4982820074921],
            [0.0, 0.0, 1.0]
        ],
        "w": 2044,
        "h": 1495
    }, {
        "camera_name": "Cam020",
        "transform_matrix": [
            [0.701051662878884, -0.04723385922040199, 0.7115444669997082, -1.6297417690483451],
            [-0.016818493747933847, -0.9986215710410257, -0.04972017819360803, 1.801078624643105],
            [0.7129121293980081, 0.022889307431651816, -0.7008797153310237, 1.6213374952249548],
            [0.0, 0.0, 0.0, 1.0]
        ],
        "intrinsic_matrix": [
            [3643.324593099494, 0.0, 1032.0944489642613],
            [0.0, 3643.324593099494, 757.8870600415906],
            [0.0, 0.0, 1.0]
        ],
        "w": 2044,
        "h": 1495
    }, {
        "camera_name": "Cam021",
        "transform_matrix": [
            [0.8140051218447539, 0.3017810600335272, 0.49631023907990085, -1.163479865379401],
            [0.02673003454895473, -0.8730002007234148, 0.486986811720697, -0.045992351681667855],
            [0.580242334601259, -0.38314336917388836, -0.718693252921274, 1.5630366441881671],
            [0.0, 0.0, 0.0, 1.0]
        ],
        "intrinsic_matrix": [
            [2330.5356978136724, 0.0, 746.8735992331306],
            [0.0, 2330.5356978136724, 1045.0425824753688],
            [0.0, 0.0, 1.0]
        ],
        "w": 1495,
        "h": 2044
    }, {
        "camera_name": "Cam022",
        "transform_matrix": [
            [0.5956653990278167, 0.38258783812989766, 0.706264312078788, -1.576147137878893],
            [-0.014437196116824536, -0.8740357539201149, 0.48564706139086344, -0.05651485510445184],
            [0.8031029197863228, -0.29947962699387076, -0.5151093604724104, 1.149996010505343],
            [0.0, 0.0, 0.0, 1.0]
        ],
        "intrinsic_matrix": [
            [2317.124489077994, 0.0, 749.818376557759],
            [0.0, 2317.124489077994, 1010.3703961452395],
            [0.0, 0.0, 1.0]
        ],
        "w": 1495,
        "h": 2044
    }, {
        "camera_name": "Cam023",
        "transform_matrix": [
            [0.7516577070211288, -0.48736523795405795, 0.44439376268093955, -0.7636319039269654],
            [0.020013878309328104, -0.656615409998597, -0.7539599777358168, 2.590298404063842],
            [0.6592496766406171, 0.5756138707383263, -0.48379596490967464, 0.9328360843147696],
            [0.0, 0.0, 0.0, 1.0]
        ],
        "intrinsic_matrix": [
            [2334.8431905586217, 0.0, 766.0114348572293],
            [0.0, 2334.8431905586217, 1030.653719280942],
            [0.0, 0.0, 1.0]
        ],
        "w": 1495,
        "h": 2044
    }, {
        "camera_name": "Cam024",
        "transform_matrix": [
            [0.6293932950463068, -0.5865398737907828, 0.5097401853927593, -0.9420276047140483],
            [0.030614520598192196, -0.6367378626723705, -0.7704723521113289, 2.584412808492574],
            [0.7764836323318701, 0.5005355838428608, -0.3828019044202773, 0.7442728099662805],
            [0.0, 0.0, 0.0, 1.0]
        ],
        "intrinsic_matrix": [
            [2320.271478006756, 0.0, 748.9860325609528],
            [0.0, 2320.271478006756, 1031.3229701932166],
            [0.0, 0.0, 1.0]
        ],
        "w": 1495,
        "h": 2044
    }, {
        "camera_name": "Cam025",
        "transform_matrix": [
            [0.4964829629947785, -0.0017942024451541973, 0.8680446119258566, -2.012784720198467],
            [-0.016087442833068746, -0.9998451333018277, 0.007134675587796182, 0.3079475620017009],
            [0.8678973796705564, -0.017506862946746124, -0.496434938446868, 1.150395903669633],
            [0.0, 0.0, 0.0, 1.0]
        ],
        "intrinsic_matrix": [
            [3657.567923171562, 0.0, 1023.8553343296358],
            [0.0, 3657.567923171562, 757.5697515576895],
            [0.0, 0.0, 1.0]
        ],
        "w": 2044,
        "h": 1495
    }, {
        "camera_name": "Cam026",
        "transform_matrix": [
            [0.48891230279256026, -0.006687839371806358, 0.872307304212577, -2.011199727892338],
            [-0.00942332721184876, -0.9999527555246815, -0.002384873760869577, 0.8034261983707562],
            [0.8722820421643075, -0.00705404303458451, -0.4889522260860788, 1.149112740019002],
            [0.0, 0.0, 0.0, 1.0]
        ],
        "intrinsic_matrix": [
            [3647.170173374362, 0.0, 1041.2194445479877],
            [0.0, 3647.1701733743625, 751.581481285986],
            [0.0, 0.0, 1.0]
        ],
        "w": 2044,
        "h": 1495
    }, {
        "camera_name": "Cam027",
        "transform_matrix": [
            [0.49256678139354854, -0.018031996967757837, 0.8700878191038847, -2.00250120036538],
            [-0.012479776444848965, -0.9998288718416436, -0.01365584899419945, 1.3004338774608268],
            [0.8701851648054489, -0.004132083883533518, -0.492707524638393, 1.146978926487511],
            [0.0, 0.0, 0.0, 1.0]
        ],
        "intrinsic_matrix": [
            [3647.101656033664, 0.0, 1017.8608106200511],
            [0.0, 3647.101656033664, 751.9553154135872],
            [0.0, 0.0, 1.0]
        ],
        "w": 2044,
        "h": 1495
    }, {
        "camera_name": "Cam028",
        "transform_matrix": [
            [0.49258727148864634, -0.049987815200494314, 0.8688262186990287, -1.9939256977000201],
            [-0.024134166367730185, -0.9987496492562228, -0.04377990548535898, 1.7975603332700232],
            [0.8699283430151622, 0.0005970276823355179, -0.4931777788757733, 1.1489383914781899],
            [0.0, 0.0, 0.0, 1.0]
        ],
        "intrinsic_matrix": [
            [3651.555384089564, 0.0, 1025.595695590674],
            [0.0, 3651.5553840895645, 755.4125825323467],
            [0.0, 0.0, 1.0]
        ],
        "w": 2044,
        "h": 1495
    }, {
        "camera_name": "Cam029",
        "transform_matrix": [
            [0.28576271900868816, 0.014603441269204431, 0.958189129518728, -2.244738167403651],
            [0.004072046941587704, -0.999893358455359, 0.014024626574986248, 0.31034941493903484],
            [0.9582917545604085, -0.0001059243088302568, -0.28579171072928927, 0.6030306741777005],
            [0.0, 0.0, 0.0, 1.0]
        ],
        "intrinsic_matrix": [
            [3660.519682246625, 0.0, 1029.1011093279756],
            [0.0, 3660.5196822466255, 749.567743061859],
            [0.0, 0.0, 1.0]
        ],
        "w": 2044,
        "h": 1495
    }, {
        "camera_name": "Cam030",
        "transform_matrix": [
            [0.25987594458948166, -0.0008328228228714962, 0.9656416518718889, -2.241352020901384],
            [-0.006968747266355867, -0.9999752048756388, 0.0010130130609292982, 0.8082642883695753],
            [0.9656168650066455, -0.006992570347852074, -0.25987530466488723, 0.6071181172991068],
            [0.0, 0.0, 0.0, 1.0]
        ],
        "intrinsic_matrix": [
            [3646.4556052584335, 0.0, 1021.9869338539438],
            [0.0, 3646.455605258434, 764.1624868506103],
            [0.0, 0.0, 1.0]
        ],
        "w": 2044,
        "h": 1495
    }, {
        "camera_name": "Cam031",
        "transform_matrix": [
            [0.2584551930189605, -0.013498141856532206, 0.9659289380528739, -2.2387046562830553],
            [0.0037905751873949147, -0.9998805059391419, -0.014986840315230676, 1.304694478504294],
            [0.966015809778122, 0.007534852971787229, -0.2583731434367997, 0.6024372719356249],
            [0.0, 0.0, 0.0, 1.0]
        ],
        "intrinsic_matrix": [
            [3640.229200864375, 0.0, 1022.8765274887667],
            [0.0, 3640.229200864375, 746.7314048627788],
            [0.0, 0.0, 1.0]
        ],
        "w": 2044,
        "h": 1495
    }, {
        "camera_name": "Cam032",
        "transform_matrix": [
            [0.25817983099310016, -0.033887113245923035, 0.9655023761877709, -2.228813652143346],
            [-0.0005342611549111337, -0.9993894921524512, -0.034933616192483585, 1.8040504018907693],
            [0.9660967288182857, 0.00850332470998172, -0.25804031474845934, 0.6014642318771872],
            [0.0, 0.0, 0.0, 1.0]
        ],
        "intrinsic_matrix": [
            [3661.4530563256694, 0.0, 1020.9195696489396],
            [0.0, 3661.453056325669, 737.9186253466271],
            [0.0, 0.0, 1.0]
        ],
        "w": 2044,
        "h": 1495
    }, {
        "camera_name": "Cam033",
        "transform_matrix": [
            [-0.004788615306779524, 0.013025481802202588, 0.9999036983566287, -2.302038207196582],
            [0.004730252151578064, -0.9999036808036341, 0.013048135112975404, 0.3086161890814829],
            [0.9999773466824267, 0.004792279120049229, 0.004726540257881236, -0.006609917791600992],
            [0.0, 0.0, 0.0, 1.0]
        ],
        "intrinsic_matrix": [
            [3648.5618128454767, 0.0, 1032.6888596196382],
            [0.0, 3648.5618128454767, 738.507627435251],
            [0.0, 0.0, 1.0]
        ],
        "w": 2044,
        "h": 1495
    }, {
        "camera_name": "Cam034",
        "transform_matrix": [
            [-0.01065444277503511, -0.009603026946934094, 0.9998971270698851, -2.297140703353111],
            [-0.008815413073776066, -0.9999141234600103, -0.009697123157812237, 0.8047349104775298],
            [0.9999043810992589, -0.008917823650170374, 0.010568873159058212, -0.004862984035568516],
            [0.0, 0.0, 0.0, 1.0]
        ],
        "intrinsic_matrix": [
            [3646.54960454074, 0.0, 1043.6604700853825],
            [0.0, 3646.5496045407394, 755.5198368735395],
            [0.0, 0.0, 1.0]
        ],
        "w": 2044,
        "h": 1495
    }, {
        "camera_name": "Cam035",
        "transform_matrix": [
            [-0.002062009217979267, -0.015019430436183288, 0.9998850758098939, -2.294330726225612],
            [-0.010673964365224702, -0.9998299087405089, -0.015040614105651825, 1.3021183146060922],
            [0.9999409055552807, -0.010703751553444732, 0.001901341622972518, -0.007664030752839821],
            [0.0, 0.0, 0.0, 1.0]
        ],
        "intrinsic_matrix": [
            [3639.2412598555707, 0.0, 1021.4444226401797],
            [0.0, 3639.241259855571, 755.136671423447],
            [0.0, 0.0, 1.0]
        ],
        "w": 2044,
        "h": 1495
    }, {
        "camera_name": "Cam036",
        "transform_matrix": [
            [-0.010491920783209825, -0.04016437713403348, 0.9991379996815827, -2.287411686395891],
            [-0.0024571627114936025, -0.9991889446877193, -0.040192227672166236, 1.799478785588357],
            [0.9999419392893211, -0.002876738305290994, 0.010384720845298505, -0.012375740101296911],
            [0.0, 0.0, 0.0, 1.0]
        ],
        "intrinsic_matrix": [
            [3653.7912817168453, 0.0, 1031.681198348657],
            [0.0, 3653.791281716845, 745.6899953827275],
            [0.0, 0.0, 1.0]
        ],
        "w": 2044,
        "h": 1495
    }, {
        "camera_name": "Cam037",
        "transform_matrix": [
            [0.16518175403575713, 0.5139964584544763, 0.8417378623003282, -1.9141127337095178],
            [-4.960399895609369e-05, -0.853457413109567, 0.5211625864811951, -0.06758410353703724],
            [0.9862631422055239, -0.08612830373681862, -0.1409500962124694, 0.2909098400791923],
            [0.0, 0.0, 0.0, 1.0]
        ],
        "intrinsic_matrix": [
            [2329.0943789877515, 0.0, 751.4230561865626],
            [0.0, 2329.094378987751, 1027.0703857529736],
            [0.0, 0.0, 1.0]
        ],
        "w": 1495,
        "h": 2044
    }, {
        "camera_name": "Cam038",
        "transform_matrix": [
            [-0.15120088194248682, 0.5021920829157145, 0.8514349095242628, -1.909041878041634],
            [-0.006066006593378581, -0.8617928215450443, 0.5072241479833544, -0.07522050401703027],
            [0.9884844444217737, 0.07152792874260283, 0.13335013515542415, -0.29335005675033254],
            [0.0, 0.0, 0.0, 1.0]
        ],
        "intrinsic_matrix": [
            [2329.7128723510177, 0.0, 732.7422157501854],
            [0.0, 2329.7128723510177, 1019.8811640645142],
            [0.0, 0.0, 1.0]
        ],
        "w": 1495,
        "h": 2044
    }, {
        "camera_name": "Cam039",
        "transform_matrix": [
            [0.10788343552056273, -0.5553930685151205, 0.824560309368356, -1.958291390123412],
            [-0.02280515041769643, -0.8305653467350662, -0.5564540681110034, 2.436389585776455],
            [0.9939019516303942, 0.04122795469360063, -0.10227006549853968, 0.27650306403214703],
            [0.0, 0.0, 0.0, 1.0]
        ],
        "intrinsic_matrix": [
            [2323.7840338918936, 0.0, 762.8887660451944],
            [0.0, 2323.7840338918936, 1033.7552079266275],
            [0.0, 0.0, 1.0]
        ],
        "w": 1495,
        "h": 2044
    }, {
        "camera_name": "Cam040",
        "transform_matrix": [
            [-0.19814661606406547, -0.5433609738346088, 0.8157798542841476, -1.9597672254274472],
            [-0.021969793468855914, -0.8296108754742018, -0.5579096015214864, 2.436536510792644],
            [0.9799261435012822, -0.1284704145258098, 0.15244705925097712, -0.3099268942259351],
            [0.0, 0.0, 0.0, 1.0]
        ],
        "intrinsic_matrix": [
            [2317.576009637487, 0.0, 746.9171845867621],
            [0.0, 2317.576009637487, 1018.705905680456],
            [0.0, 0.0, 1.0]
        ],
        "w": 1495,
        "h": 2044
    }, {
        "camera_name": "Cam041",
        "transform_matrix": [
            [-0.27026084627519226, 0.00173970327116975, 0.962785567197154, -2.245320073008278],
            [0.004483345244590745, -0.9999852512730799, 0.003065428474691576, 0.3056649027424614],
            [0.9627767002716855, 0.00514496538802018, 0.2702490605813855, -0.6231409977562641],
            [0.0, 0.0, 0.0, 1.0]
        ],
        "intrinsic_matrix": [
            [3652.759847383252, 0.0, 1026.5285996744988],
            [0.0, 3652.7598473832513, 752.371022531188],
            [0.0, 0.0, 1.0]
        ],
        "w": 2044,
        "h": 1495
    }, {
        "camera_name": "Cam042",
        "transform_matrix": [
            [-0.27029951257202267, -0.0036332850604023467, 0.9627694286499736, -2.245011106004796],
            [-0.010956869610197324, -0.9999165112758486, -0.0068496340253210025, 0.8047281917370112],
            [0.962713934931697, -0.012400391832742948, 0.27023713617991585, -0.6260568266440459],
            [0.0, 0.0, 0.0, 1.0]
        ],
        "intrinsic_matrix": [
            [3659.4246878677313, 0.0, 1026.8955996078107],
            [0.0, 3659.4246878677313, 755.3256786231367],
            [0.0, 0.0, 1.0]
        ],
        "w": 2044,
        "h": 1495
    }, {
        "camera_name": "Cam043",
        "transform_matrix": [
            [-0.2707938902063933, -0.008599317282404099, 0.9625989407687735, -2.24351254722678],
            [-0.01977836073058362, -0.9996993147335079, -0.014494708281511656, 1.3007996593477322],
            [0.9624341460451719, -0.022963707532359857, 0.2705423860741039, -0.627213956544336],
            [0.0, 0.0, 0.0, 1.0]
        ],
        "intrinsic_matrix": [
            [3640.6684079352412, 0.0, 1020.4064068261282],
            [0.0, 3640.6684079352417, 744.3697638417759],
            [0.0, 0.0, 1.0]
        ],
        "w": 2044,
        "h": 1495
    }, {
        "camera_name": "Cam044",
        "transform_matrix": [
            [-0.2769315844052467, -0.028061726725272587, 0.9604797952336095, -2.248048413136491],
            [-0.005546996336136131, -0.9995101324279148, -0.0308013961628354, 1.7990646031927369],
            [0.9608736276901595, -0.013857657346361301, 0.27664026630702954, -0.6348399775409541],
            [0.0, 0.0, 0.0, 1.0]
        ],
        "intrinsic_matrix": [
            [3650.6067360201364, 0.0, 1034.788677575639],
            [0.0, 3650.6067360201364, 751.5923134655154],
            [0.0, 0.0, 1.0]
        ],
        "w": 2044,
        "h": 1495
    }, {
        "camera_name": "Cam045",
        "transform_matrix": [
            [-0.5081222331836325, 0.005156719314953841, 0.8612695306292829, -2.00519076481755],
            [0.0051160458591038085, -0.9999463635830473, 0.009005333520085583, 0.3074755691105336],
            [0.86126977319493, 0.008982104594537531, 0.5080685973151725, -1.169929855284633],
            [0.0, 0.0, 0.0, 1.0]
        ],
        "intrinsic_matrix": [
            [3653.3188134443626, 0.0, 1030.8310159104844],
            [0.0, 3653.3188134443635, 758.3676593984205],
            [0.0, 0.0, 1.0]
        ],
        "w": 2044,
        "h": 1495
    }, {
        "camera_name": "Cam046",
        "transform_matrix": [
            [-0.5092667184468141, -0.0036794509481139002, 0.8606008779469921, -2.005271006409249],
            [-0.0006975199127623034, -0.9999887672549809, -0.004688158469496547, 0.8052811048177867],
            [0.8606084608858923, -0.0029878093286278933, 0.5092584314933147, -1.169352527610735],
            [0.0, 0.0, 0.0, 1.0]
        ],
        "intrinsic_matrix": [
            [3653.7178373321044, 0.0, 1036.66874960794],
            [0.0, 3653.7178373321044, 740.4865098312182],
            [0.0, 0.0, 1.0]
        ],
        "w": 2044,
        "h": 1495
    }, {
        "camera_name": "Cam047",
        "transform_matrix": [
            [-0.5077636664493014, -0.01373278392586016, 0.8613869453849465, -2.007380923351132],
            [0.001855918516241518, -0.9998880571112142, -0.014846845214496772, 1.2959688773968632],
            [0.8614944077592288, -0.0059400245797295, 0.5077323128456258, -1.172975650546436],
            [0.0, 0.0, 0.0, 1.0]
        ],
        "intrinsic_matrix": [
            [3650.2783509270635, 0.0, 1033.442533648086],
            [0.0, 3650.2783509270635, 755.7676395460928],
            [0.0, 0.0, 1.0]
        ],
        "w": 2044,
        "h": 1495
    }, {
        "camera_name": "Cam048",
        "transform_matrix": [
            [-0.5025567550185859, -0.01662731479887765, 0.8643843129000944, -2.0086969735435423],
            [-0.014474799890251328, -0.999513071354351, -0.027642365309967824, 1.792954332516937],
            [0.864423037727088, -0.02640364736871701, 0.5020713686840769, -1.170904268321074],
            [0.0, 0.0, 0.0, 1.0]
        ],
        "intrinsic_matrix": [
            [3647.2389576745304, 0.0, 1016.2523080474546],
            [0.0, 3647.238957674531, 744.92067602274],
            [0.0, 0.0, 1.0]
        ],
        "w": 2044,
        "h": 1495
    }, {
        "camera_name": "Cam049",
        "transform_matrix": [
            [-0.7128398982009357, 0.0060459688335202846, 0.7013007384808201, -1.618403815162574],
            [0.0071557741354445845, -0.9998480876742303, 0.01589328382390872, 0.300585933048512],
            [0.7012902925532352, 0.01634771650870291, 0.7126883454466959, -1.634850103306642],
            [0.0, 0.0, 0.0, 1.0]
        ],
        "intrinsic_matrix": [
            [3647.0738802673036, 0.0, 1023.6423990415254],
            [0.0, 3647.0738802673036, 743.8843174377455],
            [0.0, 0.0, 1.0]
        ],
        "w": 2044,
        "h": 1495
    }, {
        "camera_name": "Cam050",
        "transform_matrix": [
            [-0.7128148090041041, 0.014555617338380376, 0.7012012422039348, -1.6169770856568848],
            [-0.005420536677803619, -0.9998690940022689, 0.015245085805157163, 0.7963025039471978],
            [0.7013313523909844, 0.007066035874566395, 0.7128003965279848, -1.641244255753664],
            [0.0, 0.0, 0.0, 1.0]
        ],
        "intrinsic_matrix": [
            [3644.558533706088, 0.0, 1022.8537049286307],
            [0.0, 3644.558533706088, 739.8139934312153],
            [0.0, 0.0, 1.0]
        ],
        "w": 2044,
        "h": 1495
    }, {
        "camera_name": "Cam051",
        "transform_matrix": [
            [-0.715464774930012, -0.01317629942184364, 0.6985245457161067, -1.621438486435154],
            [0.008067663309532526, -0.9999112930831211, -0.01059805517842027, 1.294058691502274],
            [0.6986022249056121, -0.0019470743146425976, 0.7155076102030936, -1.634021301281454],
            [0.0, 0.0, 0.0, 1.0]
        ],
        "intrinsic_matrix": [
            [3653.3866920006226, 0.0, 1046.1923465550378],
            [0.0, 3653.386692000622, 746.911069505035],
            [0.0, 0.0, 1.0]
        ],
        "w": 2044,
        "h": 1495
    }, {
        "camera_name": "Cam052",
        "transform_matrix": [
            [-0.7178646295851693, -0.011489220528153266, 0.6960879049388831, -1.6190231639913548],
            [-0.015435711853172884, -0.9993553478343867, -0.03241338542019481, 1.791107520790091],
            [0.6960115748966635, -0.034013035243384865, 0.7172245122995997, -1.6370303527234942],
            [0.0, 0.0, 0.0, 1.0]
        ],
        "intrinsic_matrix": [
            [3642.1216420773617, 0.0, 1052.577991325517],
            [0.0, 3642.121642077362, 751.7026183243494],
            [0.0, 0.0, 1.0]
        ],
        "w": 2044,
        "h": 1495
    }, {
        "camera_name": "Cam053",
        "transform_matrix": [
            [-0.6046352540604412, 0.3486750822879203, 0.7161298042525378, -1.573335478490434],
            [0.012281308111281586, -0.8949049385714962, 0.4460877944882852, -0.05884889798457522],
            [0.7964077969346747, 0.27851541772738336, 0.5368088887768155, -1.1594265206456151],
            [0.0, 0.0, 0.0, 1.0]
        ],
        "intrinsic_matrix": [
            [2331.109704446327, 0.0, 743.4473323245315],
            [0.0, 2331.109704446327, 1036.1586163856452],
            [0.0, 0.0, 1.0]
        ],
        "w": 1495,
        "h": 2044
    }, {
        "camera_name": "Cam054",
        "transform_matrix": [
            [-0.8041322575345868, 0.2937808001416098, 0.5167825015037608, -1.14780108454616],
            [-0.027112741507162363, -0.8865659175722596, 0.4618070734053598, -0.06468208104069234],
            [0.593831804167051, 0.3573425741041964, 0.7208814556446101, -1.566196189369484],
            [0.0, 0.0, 0.0, 1.0]
        ],
        "intrinsic_matrix": [
            [2332.2374702584666, 0.0, 743.7445513982213],
            [0.0, 2332.2374702584666, 1014.0799170442534],
            [0.0, 0.0, 1.0]
        ],
        "w": 1495,
        "h": 2044
    }, {
        "camera_name": "Cam055",
        "transform_matrix": [
            [-0.7330568002654264, -0.44422188223928033, 0.5150676139347197, -0.9248904337022775],
            [-0.10575067611938443, -0.6736201149776425, -0.731472990067166, 2.555998606782802],
            [0.6718962137747968, -0.5906799980000156, 0.4468250416861098, -0.7793427875966553],
            [0.0, 0.0, 0.0, 1.0]
        ],
        "intrinsic_matrix": [
            [2328.193468847696, 0.0, 741.0586679726714],
            [0.0, 2328.193468847696, 1023.5000200698836],
            [0.0, 0.0, 1.0]
        ],
        "w": 1495,
        "h": 2044
    }, {
        "camera_name": "Cam056",
        "transform_matrix": [
            [-0.8511028750454374, -0.3428498999288272, 0.3975900428936614, -0.7363448278785363],
            [-0.0812521642826586, -0.6621701282313434, -0.7449354381941228, 2.565635079820981],
            [0.5186732901246932, -0.6663217446525959, 0.5357176035135923, -0.9507727465985483],
            [0.0, 0.0, 0.0, 1.0]
        ],
        "intrinsic_matrix": [
            [2328.927731288596, 0.0, 743.3276084942122],
            [0.0, 2328.927731288596, 1030.9621267309105],
            [0.0, 0.0, 1.0]
        ],
        "w": 1495,
        "h": 2044
    }, {
        "camera_name": "Cam057",
        "transform_matrix": [
            [-0.8886045841189092, 0.01833025425104619, 0.4583076421596661, -1.055354377165151],
            [-0.010910578857316623, -0.9997631347070477, 0.01883172190044769, 0.2992259502397507],
            [0.45854427523616387, 0.011733552736896387, 0.8885940982182537, -2.0536266132029333],
            [0.0, 0.0, 0.0, 1.0]
        ],
        "intrinsic_matrix": [
            [3650.28370885259, 0.0, 1024.1002141930749],
            [0.0, 3650.28370885259, 738.4379990504384],
            [0.0, 0.0, 1.0]
        ],
        "w": 2044,
        "h": 1495
    }, {
        "camera_name": "Cam058",
        "transform_matrix": [
            [-0.8924007952850028, -0.00993182862340106, 0.451134325179197, -1.05254424933647],
            [0.01436763093801097, -0.999876243618034, 0.006408481061754062, 0.7957655922320979],
            [0.4510148464916905, 0.01220066508372154, 0.8924330518395155, -2.056977623675812],
            [0.0, 0.0, 0.0, 1.0]
        ],
        "intrinsic_matrix": [
            [3642.7917439319986, 0.0, 1036.5597298799796],
            [0.0, 3642.791743931998, 747.7259745022843],
            [0.0, 0.0, 1.0]
        ],
        "w": 2044,
        "h": 1495
    }, {
        "camera_name": "Cam059",
        "transform_matrix": [
            [-0.8950928859132133, -0.01521720646453286, 0.44561997510768203, -1.0522618121214],
            [0.015368741765086978, -0.999876534342267, -0.003273812495520852, 1.2907892522010083],
            [0.44561477462502685, 0.003918252048239954, 0.8952162419978612, -2.063277925338492],
            [0.0, 0.0, 0.0, 1.0]
        ],
        "intrinsic_matrix": [
            [3644.49103566139, 0.0, 1024.3640776842997],
            [0.0, 3644.49103566139, 759.3292403762792],
            [0.0, 0.0, 1.0]
        ],
        "w": 2044,
        "h": 1495
    }, {
        "camera_name": "Cam060",
        "transform_matrix": [
            [-0.8927846568322737, -0.03197360734741723, 0.4493475770025618, -1.050525335591474],
            [0.004822452494266827, -0.9980991963205101, -0.06143889856021934, 1.7889611132200052],
            [0.4504578786932476, -0.05268474862372952, 0.8912418396740778, -2.063699532198183],
            [0.0, 0.0, 0.0, 1.0]
        ],
        "intrinsic_matrix": [
            [3649.879488604431, 0.0, 1038.7277303686515],
            [0.0, 3649.8794886044316, 737.4722559205612],
            [0.0, 0.0, 1.0]
        ],
        "w": 2044,
        "h": 1495
    }, {
        "camera_name": "Cam061",
        "transform_matrix": [
            [-0.9870768054493471, 0.014826338234441279, 0.15956052092691958, -0.3683452843341632],
            [-0.011882438233381627, -0.999741415128492, 0.01938841248039912, 0.3063774413629136],
            [0.1598067201513812, 0.017241884219486293, 0.9869977353687394, -2.299196409516063],
            [0.0, 0.0, 0.0, 1.0]
        ],
        "intrinsic_matrix": [
            [3645.588896117542, 0.0, 1036.0098949570722],
            [0.0, 3645.588896117542, 739.4502979641326],
            [0.0, 0.0, 1.0]
        ],
        "w": 2044,
        "h": 1495
    }, {
        "camera_name": "Cam062",
        "transform_matrix": [
            [-0.9881183526081804, 0.027505700479776723, 0.15121361605362338, -0.36691276404089546],
            [-0.02653082881450013, -0.9996121871976581, 0.008461106802882506, 0.794410935409398],
            [0.15138770214687686, 0.0043487523533659, 0.9884648966916617, -2.302223683573705],
            [0.0, 0.0, 0.0, 1.0]
        ],
        "intrinsic_matrix": [
            [3642.44701463111, 0.0, 1039.8788388176908],
            [0.0, 3642.4470146311096, 740.3153868058666],
            [0.0, 0.0, 1.0]
        ],
        "w": 2044,
        "h": 1495
    }, {
        "camera_name": "Cam063",
        "transform_matrix": [
            [-0.9861515225117746, 0.005269400467905641, 0.16576310827930874, -0.36237878390329625],
            [-0.007430163406553738, -0.9998952895915371, -0.01241783090593078, 1.2913252621849929],
            [0.16568031663254662, -0.01347750983547093, 0.9860874146895772, -2.301577597812224],
            [0.0, 0.0, 0.0, 1.0]
        ],
        "intrinsic_matrix": [
            [3651.121140028032, 0.0, 1044.8538119791995],
            [0.0, 3651.121140028032, 754.4038461983141],
            [0.0, 0.0, 1.0]
        ],
        "w": 2044,
        "h": 1495
    }, {
        "camera_name": "Cam064",
        "transform_matrix": [
